       1   0.0000     
       2  0.26160E-006
       3 -0.64588E-005
       4 -0.36330E-007
       5 -0.13406E-004
       6 -0.29158E-006
       7 -0.20185E-004
       8 -0.64417E-006
       9 -0.28163E-004
      10 -0.55509E-006
      11 -0.20015E-004
      12 -0.57697E-007
      13 -0.13134E-004
      14  0.24370E-006
      15 -0.62155E-005
      16  0.42298E-006
      17   0.0000     
      18 -0.31182E-006
      19 -0.13066E-005
      20 -0.82330E-005
      21 -0.18390E-005
      22 -0.15206E-004
      23 -0.20807E-005
      24 -0.21900E-004
      25 -0.20212E-005
      26 -0.27461E-004
      27 -0.19312E-005
      28 -0.21729E-004
      29 -0.18443E-005
      30 -0.14931E-004
      31 -0.15577E-005
      32 -0.79919E-005
      33 -0.11493E-005
      34 -0.28791E-006
      35 -0.24724E-006
      36 -0.12217E-005
      37 -0.82324E-005
      38 -0.18516E-005
      39 -0.15195E-004
      40 -0.20880E-005
      41 -0.21923E-004
      42 -0.18582E-005
      43 -0.27117E-004
      44 -0.17682E-005
      45 -0.21752E-004
      46 -0.18518E-005
      47 -0.14919E-004
      48 -0.15716E-005
      49 -0.79881E-005
      50 -0.10687E-005
      51 -0.22828E-006
      52   0.0000     
      53  0.34646E-006
      54 -0.64581E-005
      55 -0.48934E-007
      56 -0.13395E-004
      57 -0.29895E-006
      58 -0.20208E-004
      59 -0.48122E-006
      60 -0.27820E-004
      61 -0.39214E-006
      62 -0.20038E-004
      63 -0.65165E-007
      64 -0.13122E-004
      65  0.22974E-006
      66 -0.62117E-005
      67  0.50354E-006
      68   0.0000     
