    ELEM     F_INTERN
       1   1.1295     
       2   110.62     
       3  -53.387     
       4  -53.387     
       5  0.58465E-012
       6  -112.77     
       7   56.754     
       8   56.754     
       9  -54.475     
      10   1.4289     
      11   1.0874     
      12   1.4289     
      13   1.0874     
      14   1.4289     
      15   0.0000     
      16   1.4289     
      17  -1.5378     
      18  -2.0208     
      19  -1.5378     
      20 -0.48303     
      21  -80.222     
      22   78.201     
      23  -1.6376     
      24 -0.38320     
      25   77.039     
      26  -79.060     
      27   110.62     
      28   222.50     
      29  -165.86     
      30  -165.86     
      31  -112.77     
      32  -223.15     
      33   166.83     
      34   166.83     
      35  0.11197E-001
      36 -0.21223     
      37  0.11197E-001
      38 -0.21223     
      39  0.11197E-001
      40 -0.21223     
      41  0.11197E-001
      42 -0.21223     
      43 -0.15835E-001
      44  0.30013     
      45  0.46720     
      46 -0.16706     
      47  -78.217     
      48   78.517     
      49  0.36737     
      50 -0.67233E-001
      51   79.044     
      52  -78.744     
      53   222.50     
      54   332.93     
      55  -277.06     
      56  -277.06     
      57  -223.15     
      58  -334.98     
      59   278.16     
      60   278.16     
      61  0.19546     
      62 -0.12406     
      63  0.19546     
      64 -0.12406     
      65  0.19546     
      66 -0.12406     
      67  0.19546     
      68 -0.12406     
      69 -0.27642     
      70  0.17545     
      71 -0.10936     
      72  0.28480     
      73  -78.793     
      74   78.969     
      75 -0.20919     
      76  0.38463     
      77   78.467     
      78  -78.292     
      79   332.93     
      80   450.14     
      81  -388.15     
      82  -388.15     
      83  -334.98     
      84  -440.02     
      85   389.61     
      86   389.61     
      87 -0.38731     
      88   2.7436     
      89 -0.38731     
      90   2.7436     
      91 -0.38731     
      92   2.7436     
      93 -0.38731     
      94   2.7436     
      95  0.54774     
      96  -3.8801     
      97  0.26294     
      98  -4.1430     
      99  -78.421     
     100   74.541     
     101  0.16311     
     102  -4.0432     
     103   78.839     
     104  -82.720     
     105   450.14     
     106   332.79     
     107  -388.22     
     108  -388.22     
     109  -440.02     
     110  -334.84     
     111   389.68     
     112   389.68     
     113   5.7857     
     114   2.7437     
     115   5.7857     
     116   2.7437     
     117  -105.41     
     118   2.7437     
     119   5.7857     
     120   2.7437     
     121  -8.1821     
     122  -3.8802     
     123  -4.0391     
     124  0.15893     
     125   74.537     
     126  -78.418     
     127  -4.1390     
     128  0.25876     
     129  -82.723     
     130   78.843     
     131   332.79     
     132   222.22     
     133  -277.27     
     134  -277.27     
     135  -334.84     
     136  -222.87     
     137   278.37     
     138   278.37     
     139 -0.38716     
     140 -0.12574     
     141 -0.38716     
     142 -0.12574     
     143 -0.38716     
     144 -0.12574     
     145 -0.38716     
     146 -0.12574     
     147  0.54753     
     148  0.17782     
     149  0.38859     
     150 -0.21077     
     151   78.965     
     152  -78.787     
     153  0.28876     
     154 -0.11094     
     155  -78.295     
     156   78.473     
     157   222.22     
     158   110.11     
     159  -166.19     
     160  -166.19     
     161  -222.87     
     162  -112.43     
     163   167.20     
     164   167.20     
     165  0.20278     
     166 -0.23495     
     167  0.20278     
     168 -0.23495     
     169  0.20278     
     170 -0.23495     
     171  0.20278     
     172 -0.23495     
     173 -0.28677     
     174  0.33227     
     175 -0.75997E-001
     176  0.40827     
     177   78.501     
     178  -78.168     
     179 -0.17583     
     180  0.50810     
     181  -78.760     
     182   79.092     
     183   110.11     
     184   0.0000     
     185  -53.630     
     186  -53.630     
     187  -112.43     
     188   0.0000     
     189   57.499     
     190   57.499     
     191  0.63807E-001
     192   1.3565     
     193  0.63807E-001
     194   1.3565     
     195  0.63807E-001
     196   1.3565     
     197  0.63807E-001
     198   1.3565     
     199 -0.90237E-001
     200  -1.9184     
     201 -0.49850     
     202  -1.4199     
     203   78.078     
     204  -79.996     
     205 -0.59833     
     206  -1.3200     
     207  -79.182     
     208   77.264     
     209  -54.634     
     210   1.0040     
     211   1.0040     
     212   0.0000     
     213  -1.4199     
    NODE       UY    
       1   0.0000     
       2 -0.69722E-003
       3 -0.13653E-002
       4 -0.19923E-002
       5 -0.25578E-002
       6 -0.30405E-002
       7 -0.34204E-002
       8 -0.36772E-002
       9 -0.37924E-002
      10 -0.36772E-002
      11 -0.34204E-002
      12 -0.30406E-002
      13 -0.25578E-002
      14 -0.19924E-002
      15 -0.13653E-002
      16 -0.69729E-003
      17   0.0000     
      18 -0.10102E-004
      19 -0.69695E-003
      20 -0.13653E-002
      21 -0.19924E-002
      22 -0.25577E-002
      23 -0.30405E-002
      24 -0.34205E-002
      25 -0.36766E-002
      26 -0.37913E-002
      27 -0.36767E-002
      28 -0.34205E-002
      29 -0.30406E-002
      30 -0.25577E-002
      31 -0.19924E-002
      32 -0.13653E-002
      33 -0.69704E-003
      34 -0.10132E-004
      35  0.20165E-006
      36 -0.69078E-003
      37 -0.13598E-002
      38 -0.19869E-002
      39 -0.25523E-002
      40 -0.30351E-002
      41 -0.34148E-002
      42 -0.36699E-002
      43 -0.37987E-002
      44 -0.36699E-002
      45 -0.34148E-002
      46 -0.30351E-002
      47 -0.25523E-002
      48 -0.19870E-002
      49 -0.13598E-002
      50 -0.69092E-003
      51  0.18619E-006
      52   0.0000     
      53 -0.69104E-003
      54 -0.13598E-002
      55 -0.19869E-002
      56 -0.25523E-002
      57 -0.30350E-002
      58 -0.34147E-002
      59 -0.36704E-002
      60 -0.37791E-002
      61 -0.36704E-002
      62 -0.34147E-002
      63 -0.30351E-002
      64 -0.25523E-002
      65 -0.19870E-002
      66 -0.13598E-002
      67 -0.69117E-003
      68   0.0000     
