
 PRINT ELEMENT TABLE ITEMS PER ELEMENT
 
  ***** POST1 ELEMENT TABLE LISTING *****                                      
 
    STAT     CURRENT      CURRENT      CURRENT 
    ELEM     F_INTERN     MOMENT_Y     MOMENT_Z
       1   1.1296      0.39587E-004  0.0000     
       2   110.62      0.39587E-004  0.0000     
       3  -53.387      0.39587E-004  0.0000     
       4  -53.387      0.39587E-004  0.0000     
       5   0.0000      0.39587E-004  0.0000     
       6  -112.77      0.39587E-004  0.0000     
       7   56.754      0.39587E-004  0.0000     
       8   56.754      0.39587E-004  0.0000     
       9  -54.475      0.39587E-004  0.0000     
      10   1.4283      0.39587E-004  0.0000     
      11   1.0874      0.39587E-004  0.0000     
      12   1.4283      0.39587E-004  0.0000     
      13   1.0874      0.39587E-004  0.0000     
      14   1.4283      0.39587E-004  0.0000     
      15   0.0000      0.39587E-004  0.0000     
      16   1.4283      0.39587E-004  0.0000     
      17  -1.5378      0.39587E-004  0.0000     
      18  -2.0199      0.39587E-004  0.0000     
      19  -1.5378      0.39587E-004  0.0000     
      20 -0.48209      0.39587E-004  0.0000     
      21  -80.222      0.39587E-004  0.0000     
      22   78.202      0.39587E-004  0.0000     
      23  -1.6376      0.39587E-004  0.0000     
      24 -0.38224      0.39587E-004  0.0000     
      25   77.039      0.39587E-004  0.0000     
      26  -79.059      0.39587E-004  0.0000     
      27   110.62      0.39587E-004  0.0000     
      28   222.47      0.39587E-004  0.0000     
      29  -165.85      0.39587E-004  0.0000     
      30  -165.85      0.39587E-004  0.0000     
      31  -112.77      0.39587E-004  0.0000     
      32  -223.17      0.39587E-004  0.0000     
      33   166.83      0.39587E-004  0.0000     
      34   166.83      0.39587E-004  0.0000     
      35  0.13728E-001 0.39587E-004  0.0000     
      36 -0.21933      0.39587E-004  0.0000     
      37  0.13728E-001 0.39587E-004  0.0000     
      38 -0.21933      0.39587E-004  0.0000     
      39  0.13728E-001 0.39587E-004  0.0000     
      40 -0.21933      0.39587E-004  0.0000     
      41  0.13728E-001 0.39587E-004  0.0000     
 
  ***** POST1 ELEMENT TABLE LISTING *****                                      
 
    STAT     CURRENT      CURRENT      CURRENT 
    ELEM     F_INTERN     MOMENT_Y     MOMENT_Z
      42 -0.21933      0.39587E-004  0.0000     
      43 -0.19414E-001 0.39587E-004  0.0000     
      44  0.31019      0.39587E-004  0.0000     
      45  0.46268      0.39587E-004  0.0000     
      46 -0.15249      0.39587E-004  0.0000     
      47  -78.221      0.39587E-004  0.0000     
      48   78.532      0.39587E-004  0.0000     
      49  0.36283      0.39587E-004  0.0000     
      50 -0.52642E-001 0.39587E-004  0.0000     
      51   79.039      0.39587E-004  0.0000     
      52  -78.729      0.39587E-004  0.0000     
      53   222.47      0.39587E-004  0.0000     
      54   332.77      0.39587E-004  0.0000     
      55  -276.98      0.39587E-004  0.0000     
      56  -276.98      0.39587E-004  0.0000     
      57  -223.17      0.39587E-004  0.0000     
      58  -335.13      0.39587E-004  0.0000     
      59   278.24      0.39587E-004  0.0000     
      60   278.24      0.39587E-004  0.0000     
      61  0.20993      0.39587E-004  0.0000     
      62 -0.13673      0.39587E-004  0.0000     
      63  0.20993      0.39587E-004  0.0000     
      64 -0.13673      0.39587E-004  0.0000     
      65  0.20993      0.39587E-004  0.0000     
      66 -0.13673      0.39587E-004  0.0000     
      67  0.20993      0.39587E-004  0.0000     
      68 -0.13673      0.39587E-004  0.0000     
      69 -0.29689      0.39587E-004  0.0000     
      70  0.19336      0.39587E-004  0.0000     
      71 -0.14440      0.39587E-004  0.0000     
      72  0.33776      0.39587E-004  0.0000     
      73  -78.828      0.39587E-004  0.0000     
      74   79.022      0.39587E-004  0.0000     
      75 -0.24425      0.39587E-004  0.0000     
      76  0.43761      0.39587E-004  0.0000     
      77   78.432      0.39587E-004  0.0000     
      78  -78.239      0.39587E-004  0.0000     
      79   332.77      0.39587E-004  0.0000     
      80   450.89      0.39587E-004  0.0000     
      81  -388.04      0.39587E-004  0.0000     
      82  -388.04      0.39587E-004  0.0000     
 
  ***** POST1 ELEMENT TABLE LISTING *****                                      
 
    STAT     CURRENT      CURRENT      CURRENT 
    ELEM     F_INTERN     MOMENT_Y     MOMENT_Z
      83  -335.13      0.39587E-004  0.0000     
      84  -439.27      0.39587E-004  0.0000     
      85   389.72      0.39587E-004  0.0000     
      86   389.72      0.39587E-004  0.0000     
      87 -0.44667      0.39587E-004  0.0000     
      88   3.1524      0.39587E-004  0.0000     
      89 -0.44667      0.39587E-004  0.0000     
      90   3.1524      0.39587E-004  0.0000     
      91 -0.44667      0.39587E-004  0.0000     
      92   3.1524      0.39587E-004  0.0000     
      93 -0.44667      0.39587E-004  0.0000     
      94   3.1524      0.39587E-004  0.0000     
      95  0.63169      0.39587E-004  0.0000     
      96  -4.4581      0.39587E-004  0.0000     
      97  0.29393      0.39587E-004  0.0000     
      98  -4.7521      0.39587E-004  0.0000     
      99  -78.390      0.39587E-004  0.0000     
     100   73.932      0.39587E-004  0.0000     
     101  0.19408      0.39587E-004  0.0000     
     102  -4.6522      0.39587E-004  0.0000     
     103   78.870      0.39587E-004  0.0000     
     104  -83.329      0.39587E-004  0.0000     
     105   450.89      0.39587E-004  0.0000     
     106   332.63      0.39587E-004  0.0000     
     107  -388.12      0.39587E-004  0.0000     
     108  -388.12      0.39587E-004  0.0000     
     109  -439.27      0.39587E-004  0.0000     
     110  -334.99      0.39587E-004  0.0000     
     111   389.79      0.39587E-004  0.0000     
     112   389.79      0.39587E-004  0.0000     
     113   6.6470      0.39587E-004  0.0000     
     114   3.1525      0.39587E-004  0.0000     
     115   6.6470      0.39587E-004  0.0000     
     116   3.1525      0.39587E-004  0.0000     
     117  -104.55      0.39587E-004  0.0000     
     118   3.1525      0.39587E-004  0.0000     
     119   6.6470      0.39587E-004  0.0000     
     120   3.1525      0.39587E-004  0.0000     
     121  -9.4002      0.39587E-004  0.0000     
     122  -4.4582      0.39587E-004  0.0000     
     123  -4.6482      0.39587E-004  0.0000     
 
  ***** POST1 ELEMENT TABLE LISTING *****                                      
 
    STAT     CURRENT      CURRENT      CURRENT 
    ELEM     F_INTERN     MOMENT_Y     MOMENT_Z
     124  0.18991      0.39587E-004  0.0000     
     125   73.928      0.39587E-004  0.0000     
     126  -78.387      0.39587E-004  0.0000     
     127  -4.7480      0.39587E-004  0.0000     
     128  0.28976      0.39587E-004  0.0000     
     129  -83.332      0.39587E-004  0.0000     
     130   78.874      0.39587E-004  0.0000     
     131   332.63      0.39587E-004  0.0000     
     132   222.19      0.39587E-004  0.0000     
     133  -277.20      0.39587E-004  0.0000     
     134  -277.20      0.39587E-004  0.0000     
     135  -334.99      0.39587E-004  0.0000     
     136  -222.89      0.39587E-004  0.0000     
     137   278.45      0.39587E-004  0.0000     
     138   278.45      0.39587E-004  0.0000     
     139 -0.44652      0.39587E-004  0.0000     
     140 -0.13841      0.39587E-004  0.0000     
     141 -0.44652      0.39587E-004  0.0000     
     142 -0.13841      0.39587E-004  0.0000     
     143 -0.44652      0.39587E-004  0.0000     
     144 -0.13841      0.39587E-004  0.0000     
     145 -0.44652      0.39587E-004  0.0000     
     146 -0.13841      0.39587E-004  0.0000     
     147  0.63148      0.39587E-004  0.0000     
     148  0.19574      0.39587E-004  0.0000     
     149  0.44157      0.39587E-004  0.0000     
     150 -0.24583      0.39587E-004  0.0000     
     151   79.018      0.39587E-004  0.0000     
     152  -78.822      0.39587E-004  0.0000     
     153  0.34172      0.39587E-004  0.0000     
     154 -0.14598      0.39587E-004  0.0000     
     155  -78.242      0.39587E-004  0.0000     
     156   78.438      0.39587E-004  0.0000     
     157   222.19      0.39587E-004  0.0000     
     158   110.11      0.39587E-004  0.0000     
     159  -166.18      0.39587E-004  0.0000     
     160  -166.18      0.39587E-004  0.0000     
     161  -222.89      0.39587E-004  0.0000     
     162  -112.43      0.39587E-004  0.0000     
     163   167.21      0.39587E-004  0.0000     
     164   167.21      0.39587E-004  0.0000     
 
  ***** POST1 ELEMENT TABLE LISTING *****                                      
 
    STAT     CURRENT      CURRENT      CURRENT 
    ELEM     F_INTERN     MOMENT_Y     MOMENT_Z
     165  0.21725      0.39587E-004  0.0000     
     166 -0.24206      0.39587E-004  0.0000     
     167  0.21725      0.39587E-004  0.0000     
     168 -0.24206      0.39587E-004  0.0000     
     169  0.21725      0.39587E-004  0.0000     
     170 -0.24206      0.39587E-004  0.0000     
     171  0.21725      0.39587E-004  0.0000     
     172 -0.24206      0.39587E-004  0.0000     
     173 -0.30724      0.39587E-004  0.0000     
     174  0.34233      0.39587E-004  0.0000     
     175 -0.61407E-001 0.39587E-004  0.0000     
     176  0.40373      0.39587E-004  0.0000     
     177   78.515      0.39587E-004  0.0000     
     178  -78.173      0.39587E-004  0.0000     
     179 -0.16126      0.39587E-004  0.0000     
     180  0.50358      0.39587E-004  0.0000     
     181  -78.745      0.39587E-004  0.0000     
     182   79.088      0.39587E-004  0.0000     
     183   110.11      0.39587E-004  0.0000     
     184   0.0000      0.39587E-004  0.0000     
     185  -53.630      0.39587E-004  0.0000     
     186  -53.630      0.39587E-004  0.0000     
     187  -112.43      0.39587E-004  0.0000     
     188   0.0000      0.39587E-004  0.0000     
     189   57.499      0.39587E-004  0.0000     
     190   57.499      0.39587E-004  0.0000     
     191  0.66347E-001 0.39587E-004  0.0000     
     192   1.3558      0.39587E-004  0.0000     
     193  0.66347E-001 0.39587E-004  0.0000     
     194   1.3558      0.39587E-004  0.0000     
     195  0.66347E-001 0.39587E-004  0.0000     
     196   1.3558      0.39587E-004  0.0000     
     197  0.66347E-001 0.39587E-004  0.0000     
     198   1.3558      0.39587E-004  0.0000     
     199 -0.93829E-001 0.39587E-004  0.0000     
     200  -1.9174      0.39587E-004  0.0000     
     201 -0.49756      0.39587E-004  0.0000     
     202  -1.4199      0.39587E-004  0.0000     
     203   78.079      0.39587E-004  0.0000     
     204  -79.996      0.39587E-004  0.0000     
     205 -0.59741      0.39587E-004  0.0000     
 
  ***** POST1 ELEMENT TABLE LISTING *****                                      
 
    STAT     CURRENT      CURRENT      CURRENT 
    ELEM     F_INTERN     MOMENT_Y     MOMENT_Z
     206  -1.3200      0.39587E-004  0.0000     
     207  -79.182      0.39587E-004  0.0000     
     208   77.264      0.39587E-004  0.0000     
     209  -54.634      0.39587E-004  0.0000     
     210   1.0040      0.39587E-004  0.0000     
     211   1.0040      0.39587E-004  0.0000     
     212   0.0000      0.39587E-004  0.0000     
     213  -1.4199      0.39587E-004  0.0000     

 MINIMUM VALUES
 ELEM          84             1             1
 VALUE   -439.27      0.39587E-004  0.0000     

 MAXIMUM VALUES
 ELEM          80             1             1
 VALUE    450.89      0.39587E-004  0.0000     
