
 PRINT ELEMENT TABLE ITEMS PER ELEMENT
 
  ***** POST1 ELEMENT TABLE LISTING *****                                      
 
    STAT     CURRENT 
    ELEM     F_INTERN
       1   1.6882     
       2   109.23     
       3  -52.233     
       4  -52.930     
       5 -0.40155     
       6  -111.30     
       7   55.535     
       8   56.180     
       9  -53.507     
      10   1.5598     
      11   1.3816     
      12   2.2722     
      13  0.46365     
      14   1.2065     
      15   0.0000     
      16  0.42529     
      17  -1.8136     
      18  -1.9183     
      19  -2.3430     
      20  -2.6238     
      21  -78.337     
      22   76.836     
      23 -0.71017     
      24   1.8414     
      25   74.911     
      26  -77.689     
      27   109.74     
      28   219.79     
      29  -163.65     
      30  -164.20     
      31  -111.79     
      32  -220.38     
      33   164.57     
      34   165.11     
      35 -0.30067E-001
      36 -0.24620E-002
      37   1.7193     
      38   2.3559     
      39  0.94700E-001
      40 -0.39738     
      41  -1.7080     
 
  ***** POST1 ELEMENT TABLE LISTING *****                                      
 
    STAT     CURRENT 
    ELEM     F_INTERN
      42  -2.7553     
      43 -0.11187E-001
      44  0.27904     
      45  -3.1282     
      46  -5.1712     
      47  -76.729     
      48   77.020     
      49   3.9340     
      50   4.9455     
      51   77.510     
      52  -77.239     
      53   220.31     
      54   328.92     
      55  -273.64     
      56  -274.20     
      57  -220.91     
      58  -330.91     
      59   274.67     
      60   275.24     
      61 -0.90315E-001
      62  0.14841     
      63   3.5831     
      64   4.1123     
      65  0.46147     
      66 -0.41724     
      67  -3.2197     
      68  -4.3744     
      69 -0.25609     
      70  0.17519     
      71  -6.5190     
      72  -7.5364     
      73  -77.331     
      74   77.345     
      75   6.2192     
      76   8.2102     
      77   77.019     
      78  -76.707     
      79   329.37     
      80   444.32     
      81  -383.66     
      82  -384.67     
 
  ***** POST1 ELEMENT TABLE LISTING *****                                      
 
    STAT     CURRENT 
    ELEM     F_INTERN
      83  -331.37     
      84  -434.47     
      85   385.18     
      86   386.14     
      87 -0.87897     
      88   2.5307     
      89   4.7000     
      90   8.2266     
      91  0.33390     
      92   2.5408     
      93  -5.4143     
      94  -3.1474     
      95  0.48561     
      96  -3.6698     
      97  -8.8729     
      98  -13.999     
      99  -77.400     
     100   71.294     
     101   9.3547     
     102   6.3815     
     103   77.689     
     104  -79.835     
     105   444.32     
     106   329.22     
     107  -384.75     
     108  -383.74     
     109  -434.47     
     110  -331.22     
     111   386.22     
     112   385.26     
     113   3.6472     
     114   2.5320     
     115   11.981     
     116   8.2268     
     117  -101.93     
     118   2.5397     
     119 -0.43971     
     120  -3.1474     
     121  -8.6235     
     122  -3.6699     
     123  -13.884     
 
  ***** POST1 ELEMENT TABLE LISTING *****                                      
 
    STAT     CURRENT 
    ELEM     F_INTERN
     124  -8.9886     
     125   71.291     
     126  -77.393     
     127   6.2752     
     128   9.4608     
     129  -79.841     
     130   77.690     
     131   328.76     
     132   220.00     
     133  -274.44     
     134  -273.88     
     135  -330.75     
     136  -220.59     
     137   275.48     
     138   274.91     
     139 -0.87643     
     140  0.15049     
     141   4.6999     
     142   4.1110     
     143  0.33155     
     144 -0.42248     
     145  -5.4140     
     146  -4.3762     
     147  0.48543     
     148  0.17753     
     149  -7.4209     
     150  -6.6320     
     151   77.346     
     152  -77.318     
     153   8.1039     
     154   6.3281     
     155  -76.716     
     156   77.018     
     157   219.47     
     158   109.18     
     159  -164.58     
     160  -164.02     
     161  -220.06     
     162  -111.41     
     163   165.52     
     164   164.99     
 
  ***** POST1 ELEMENT TABLE LISTING *****                                      
 
    STAT     CURRENT 
    ELEM     F_INTERN
     165 -0.78121E-001
     166 -0.20130E-001
     167   3.5901     
     168   2.3327     
     169  0.46394     
     170 -0.42698     
     171  -3.2120     
     172  -2.7795     
     173 -0.26668     
     174  0.31284     
     175  -5.0693     
     176  -3.1950     
     177   77.011     
     178  -76.666     
     179   4.8256     
     180   4.0891     
     181  -77.266     
     182   77.552     
     183   108.66     
     184  0.42160     
     185  -53.206     
     186  -52.505     
     187  -110.92     
     188 -0.39890     
     189   57.012     
     190   56.374     
     191  0.33147E-001
     192   1.4863     
     193   1.7750     
     194   2.1934     
     195  0.14421     
     196   1.1213     
     197  -1.6512     
     198  0.34510     
     199 -0.90851E-001
     200  -1.8056     
     201  -2.6401     
     202  -2.2119     
     203   76.712     
     204  -78.077     
     205   1.6036     
 
  ***** POST1 ELEMENT TABLE LISTING *****                                      
 
    STAT     CURRENT 
    ELEM     F_INTERN
     206 -0.35722     
     207  -77.837     
     208   75.151     
     209  -53.681     
     210   1.2880     
     211  0.36742     
     212   0.0000     
     213  -1.6819     

 MINIMUM VALUES
 ELEM          84
 VALUE   -434.47     

 MAXIMUM VALUES
 ELEM          80
 VALUE    444.32     
