
 PRINT ELEMENT TABLE ITEMS PER ELEMENT
 
  ***** POST1 ELEMENT TABLE LISTING *****                                      
 
    STAT     CURRENT 
    ELEM     F_INTERN
       1   1.5698     
       2   109.52     
       3  -52.484     
       4  -53.028     
       5 -0.31677     
       6  -111.61     
       7   55.800     
       8   56.304     
       9  -53.720     
      10   1.5295     
      11   1.3142     
      12   2.0868     
      13  0.60428     
      14   1.2562     
      15   0.0000     
      16  0.64603     
      17  -1.7527     
      18  -1.9415     
      19  -2.1637     
      20  -2.1549     
      21  -78.761     
      22   77.143     
      23 -0.91636     
      24   1.3544     
      25   75.386     
      26  -77.997     
      27   109.93     
      28   220.36     
      29  -164.12     
      30  -164.55     
      31  -112.00     
      32  -220.97     
      33   165.05     
      34   165.47     
      35 -0.20262E-001
      36 -0.50741E-001
      37   1.3459     
      38   1.7954     
      39  0.75681E-001
      40 -0.35420     
      41  -1.3324     
 
  ***** POST1 ELEMENT TABLE LISTING *****                                      
 
    STAT     CURRENT 
    ELEM     F_INTERN
      42  -2.2001     
      43 -0.12070E-001
      44  0.28357     
      45  -2.3422     
      46  -4.0778     
      47  -77.064     
      48   77.356     
      49   3.1541     
      50   3.8502     
      51   77.855     
      52  -77.577     
      53   220.78     
      54   329.77     
      55  -274.37     
      56  -274.81     
      57  -221.38     
      58  -331.77     
      59   275.42     
      60   275.86     
      61 -0.24315E-001
      62  0.85371E-001
      63   2.8438     
      64   3.1881     
      65  0.39930     
      66 -0.34875     
      67  -2.4745     
      68  -3.4469     
      69 -0.26048     
      70  0.17519     
      71  -5.1187     
      72  -5.8289     
      73  -77.660     
      74   77.711     
      75   4.8148     
      76   6.5013     
      77   77.344     
      78  -77.063     
      79   330.13     
      80   445.55     
      81  -384.62     
      82  -385.40     
 
  ***** POST1 ELEMENT TABLE LISTING *****                                      
 
    STAT     CURRENT 
    ELEM     F_INTERN
      83  -332.14     
      84  -435.65     
      85   386.12     
      86   386.87     
      87 -0.76530     
      88   2.5713     
      89   3.5907     
      90   7.0345     
      91  0.16808     
      92   2.5941     
      93  -4.3184     
      94  -1.8661     
      95  0.49945     
      96  -3.7163     
      97  -6.8790     
      98  -11.851     
      99  -77.633     
     100   72.006     
     101   7.3485     
     102   4.1100     
     103   77.950     
     104  -80.470     
     105   445.55     
     106   329.98     
     107  -385.48     
     108  -384.70     
     109  -435.65     
     110  -331.99     
     111   386.94     
     112   386.20     
     113   4.1178     
     114   2.5723     
     115   10.630     
     116   7.0347     
     117  -102.70     
     118   2.5933     
     119  0.91539     
     120  -1.8660     
     121  -8.5258     
     122  -3.7164     
     123  -11.738     
 
  ***** POST1 ELEMENT TABLE LISTING *****                                      
 
    STAT     CURRENT 
    ELEM     F_INTERN
     124  -6.9922     
     125   72.003     
     126  -77.626     
     127   4.0059     
     128   7.4524     
     129  -80.475     
     130   77.951     
     131   329.62     
     132   220.47     
     133  -275.04     
     134  -274.60     
     135  -331.62     
     136  -221.08     
     137   276.09     
     138   275.65     
     139 -0.76333     
     140  0.86549E-001
     141   3.5906     
     142   3.1867     
     143  0.16633     
     144 -0.35315     
     145  -4.3181     
     146  -3.4487     
     147  0.49926     
     148  0.17755     
     149  -5.7159     
     150  -5.2293     
     151   77.711     
     152  -77.648     
     153   6.3972     
     154   4.9214     
     155  -77.071     
     156   77.345     
     157   220.05     
     158   109.38     
     159  -164.92     
     160  -164.49     
     161  -220.66     
     162  -111.62     
     163   165.88     
     164   165.46     
 
  ***** POST1 ELEMENT TABLE LISTING *****                                      
 
    STAT     CURRENT 
    ELEM     F_INTERN
     165 -0.13259E-001
     166 -0.69675E-001
     167   2.8508     
     168   1.7723     
     169  0.40295     
     170 -0.38223     
     171  -2.4669     
     172  -2.2240     
     173 -0.27104     
     174  0.31706     
     175  -3.9782     
     176  -2.4073     
     177   77.346     
     178  -77.004     
     179   3.7327     
     180   3.3062     
     181  -77.602     
     182   77.899     
     183   108.97     
     184  0.33287     
     185  -53.297     
     186  -52.750     
     187  -111.24     
     188 -0.31471     
     189   57.116     
     190   56.618     
     191  0.40572E-001
     192   1.4561     
     193   1.4010     
     194   2.0094     
     195  0.12607     
     196   1.1739     
     197  -1.2764     
     198  0.56750     
     199 -0.90691E-001
     200  -1.8310     
     201  -2.1711     
     202  -2.0354     
     203   77.019     
     204  -78.508     
     205   1.1214     
 
  ***** POST1 ELEMENT TABLE LISTING *****                                      
 
    STAT     CURRENT 
    ELEM     F_INTERN
     206 -0.57088     
     207  -78.139     
     208   75.623     
     209  -53.891     
     210   1.2229     
     211  0.51093     
     212   0.0000     
     213  -1.6240     

 MINIMUM VALUES
 ELEM          84
 VALUE   -435.65     

 MAXIMUM VALUES
 ELEM          80
 VALUE    445.55     
