    NODE       UZ    
       1   0.0000     
       2  0.40024E-006
       3 -0.98819E-005
       4 -0.55585E-007
       5 -0.20512E-004
       6 -0.44612E-006
       7 -0.30883E-004
       8 -0.98558E-006
       9 -0.43090E-004
      10 -0.84929E-006
      11 -0.30623E-004
      12 -0.88276E-007
      13 -0.20094E-004
      14  0.37286E-006
      15 -0.95098E-005
      16  0.64715E-006
      17   0.0000     
      18 -0.47708E-006
      19 -0.19991E-005
      20 -0.12597E-004
      21 -0.28136E-005
      22 -0.23265E-004
      23 -0.31834E-005
      24 -0.33507E-004
      25 -0.30924E-005
      26 -0.42015E-004
      27 -0.29547E-005
      28 -0.33245E-004
      29 -0.28218E-005
      30 -0.22844E-004
      31 -0.23832E-005
      32 -0.12228E-004
      33 -0.17584E-005
      34 -0.44050E-006
      35 -0.37828E-006
      36 -0.18693E-005
      37 -0.12596E-004  
      38 -0.28329E-005
      39 -0.23248E-004
      40 -0.31947E-005
      41 -0.33543E-004
      42 -0.28431E-005
      43 -0.41489E-004
      44 -0.27054E-005
      45 -0.33280E-004
      46 -0.28332E-005
      47 -0.22826E-004
      48 -0.24046E-005
      49 -0.12222E-004
      50 -0.16352E-005
      51 -0.34927E-006
      52   0.0000     
      53  0.53009E-006
      54 -0.98809E-005
      55 -0.74869E-007
      56 -0.20494E-004
      57 -0.45739E-006
      58 -0.30918E-004
      59 -0.73627E-006
      60 -0.42564E-004
      61 -0.59998E-006
      62 -0.30658E-004
      63 -0.99702E-007
      64 -0.20076E-004
      65  0.35151E-006
      66 -0.95040E-005
      67  0.77041E-006
      68   0.0000     

 MAXIMUM ABSOLUTE VALUES
 NODE           9
 VALUE  -0.43090E-004
